926
927
928
929
930
931
932
933
934
935
936
937
938
939
940
941
942
943
944
945
946
947
948
949

950
951
952
953
954
955
956
957
958
959
960
961
962
963
964
965
966
967
968
969
970
971
972
973
974
975
976
977
978

980
981
982
983
984
985
986
987

SN42-93 9XX

93950
93951
93952
93953
93954
93955
93956
93957
93958
93959
93960
93961
93962
93963
93964
93965
93966
93967
93968
93969
93970
93971
93972
93973
93974
93975
93976
93977
93978
93979
93980
93981
93982
93983
93984
93985
93986
93987

Serial Key Matrix

93926 61926
93927 61927
93928 61928
93929 61929
93930 61930
93931 61931
93932 61932
93933 61933
93934 61934
93935 61935
93936 61936
93937 61937
93938 61938
93939 61939
93940 61940
93941 61941
93942 61942
93943 61943
93944 61944
93945 61945
93946 61946
93947 61947
93948 61948
93949 61949
950-999
SN44-619XX SN44-699XX
61950 69950
61951 69951
61952 69952
61953 69953
61954 69954
61955 69955
61956 69956
61957 69957
61958 69958
61959 69959
61960 69960
61961 69961
61962 69962
61963 69963
61964 69964
61965 69965
61966 69966
61967 69967
61968 69968
61969 69969
61970 69970
61971 69971
61972 69972
61973 69973
61974 69974
61975 69975
61976 69976
61977 69977
61978 69978
61979 69979
61980 69980
61981 69981
61982 69982
61983 69983
61984 69984
61985 69985
61986 69986
61987 69987

69926
69927
69928
69929
69930
69931
69932
69933
69934
69935
69936
69937
69938
69939
69940
69941
69942
69943
69944
69945
69946
69947
69948
69949

SN44-839XX

83950
83951
83952
83953
83954
83955
83956
83957
83958
83959
83960
83961
83962
83963
83964
83965
83966
83967
83968
83969
83970
83971
83972
83973
83974
83975
83976
83977
83978
83979
83980
83981
83982
83983
83984
83985
83986
83987

83926
83927
83928
83929
83930
83931
83932
83933
83934
83935
83936
83937
83938
83939
83940
83941
83942
83943
83944
83945
83946
83947
83948
83949

273
