260

135
136
137
138
139
140
141
142
143
144
145
146
147
148
149

150
151
152
153
154
155
156
157
158
159
160
161
162
163
164
165
166
167
168
169
170
171
172
173
174
175
176
177
178
179
180
181
182
183
184
185
186
187
188
189
190
191
192
193
194
195
196

SN44-621XX

62150
62151
62152
62153
62154
62155
62156
62157
62158
62159
62160
62162
62162
62163
62164
62165
62166
62167
62168
62169
62170
62171
62172
62173
62174
62175
62176
62177
62178
62179
62180
62181
62182
62183
62184
62185
62186
62187
62188
62189
62190
62191
62192
62193
62194
62195
62196

APPENDIX

62135
62136
62137
62138
62139
62140
62141
62142
62143
62144
62145
62146
62147
62148
62149

150-199
SN44-701XX

70150
70151
70152
70153
70154

70135
70136
70137
70138
70139
70140
70141
70142
70143
70144
70145
70146
70147
70148
70149

SN-841XX

Not B-29 #
84151
84152
Not B-29 #
Not B-29 #
84155

84135
84136
84137
84138
84139
Not B-29 #
84141
84142
84143
84144
84145
84146
84147
84148
84149
