074
075
076
077
078
079
080
081

082
083
084
085
086
087
088
089
090
091

092
093
094
095
096
097
098
099

100
101
102
103
104
105
106
107
108
109
110

11

112

113

114

115

116
117
118

119

120
121

122
123
124
125
126
127
128
129
130
131

132
133
134

94074
94075
94076
94077
94078
94079
94080
94081
94082
94083
94084
94085
94086
94087
94088
94089
94090
94091
94092
94093
94094
94095
94096
94097
94098
94099

SN42-941XX

94100
94101
94102
94103
94104
94105
94106
94107
94108
94109
94110
94111

94112
94113
94114
94115
94116
94117
94118
94119
94120
94121
94122
94123

Serial Key Matrix

62074
62075
62076
62077
62078
62079
62080
62081
62082
62083
62084
62085
62086
62087
62088
62089
62090
62091
62092
62093
62094
62095
62096
62097
62098
62099

100-149
SN44-621XX

62100
62101
62102
62103
62104
62105
62106
62107
62108
62109
62110

62111

62112

62113

62114

62115

62116
62117
62118

62119

62120
62121

62122
62123
62124
62125
62126
62127
62128
62129
62130
62131

62132
62133
62134

70074
70075
70076
70077
70078
70079
70080
70081
70082
70083
70084
70085
70086
70087
70088
70089
70090
70091
70092
70093
70094
70095
70096
70097
70098
70099

SN44-70IXX

70100
70101
70102
70103
70104
70105
70106
70107
70108
70109
70110
70111

70112
70113

70114
70115,
70116
70117
70118

70119

70120
70121

70122
70123
70124
70125
70126
70127
70128
70129
70130
70131

70132
70133
70134

84074
84075
84076
84077
84078
84079
84080
84081
84082
84083
84084
84085
84086
84087
84088
84089
84090
84091
84092
84093
84094
84095
84096
84097
84098
84099

SN-841XX

84100
84101
84102
84103
84104
84105
84106
84107
84108
84109
84110
84111

84112
84113

84114
84115
84116
84117
84118

84119

84120
84121

84122
84123
84124
84125
84126
84127
84128
84129
84130
84131

84132
84133
84134

259
