802
803
804
805
806
807
808
809
810
811

812
813
814
815
816
817
818
819
820
821
822
823
824
825
826
827
828
829
830
831
832
833
834
835
836
837
838
839
840
841
842
843
844
845
846
847
848
849

850
851
852
853
854
855
856
857
858
859
860
861
862
863

24802
24803
24804
24805
24806
24807
24808
24809
24810
24811

24812
24813
24814
24815
24816
24817
24818
24819
24820
24821
24822
24823
24824
24825
24826
24827
24828
24829
24830
24831
24832
24833
24834
24835
24836
24837
24838
24839
24840
24841
24842
24843
24844
24845
24846
24847
24848
24849

SN42-248XX

24850
24851
24852
24853
24854
24855
24856
24857
24858
24859
24860
24861
24862
24863

93824
93825
93826
93827
93828
93829
93830
93831
93832
93833
93834
93835
93836
93837
93838
93839
93840
93841
93842
93843
93844
93845
93846
93847
93848
93849

SN42-938XX

93850
93851
93852
93853
93854
93855
93856
93857
93858
93859
93860
93861
93862
93863

Serial Key Matrix

61802
61803
61804
61805
61806
61807
61808
61809
61810
61811

61812

61813
61814

61815

61816

61817
61818

61819

61820
61821

61822
61823
61824
61825
61826
61827
61828
61829
61830
61831

61832
61833
61834
61835
61836
61837
61838
61839
61840
61841

61842
61843
61844
61845
61846
61847
61848
61849

850-899

SN44-618XX

61850
61851
61852
61853
61854
61855
61856
61857
61858
61859
61860
61861
61862
61863

69802
69803
69804
69805
69806
69807
69808
69809
69810
69811

69812
69813
69814
69815
69816
69817
69818
69819
69820
69821
69822
69823
69824
69825
69826
69827
69828
69829
69830
69831
69832
69833
69834
69835
69836
69837
69838
69839
69840
69841
69842
69843
69844
69845
69846
69847
69848
69849

SN44-698XX SN44-838XX

69850
69851
69852
69853
69854
69855
69856
69857
69858
69859
69860
69861
69862
69863

21802
21803
21804
21805
21806
21807
21808
21809
21810

21811

21812

21813

21814

21815

21816

21817
21818

21819

21820
21821

21822
21823
21824
21825
21826
21827
21828
21829
21830
21831

21832
21833
21834
21835,
21836
21837
21838
21839
21840
21841

21842
21843
21844
21845
21846
21847
21848
21849

SN45-218XX

21850
21851
21852
21853
21854
21855
21856
21857
21858
21859
21860
21861
21862
21863

271
