Serial Key Matrix 267

558 24558 63558 61558
559 24559 63559 61559
560 24560 63560 61560
561 24561 63561 61561
562 24562 63562 61562
563 24563 63563 61563
564 24564 63564 61564
565 24565 63565 61565
566 24566 63566 61566
567 24567 63567 61567
568 24568 63568 61568
569 24569 63569 61569
570 24570 63570 61570
571 24571 63571 61571
572 24572 63572 61572
573 24573 63573 61573
574 24574 63574 61574
575 24575 63575 61575
576 24576 63576 61576
577 24577 63577 61577
578 24578 63578 61578
579 24579 63579 61579
580 24580 63580 61580
581 24581 63581 61581
582 24582 63582 61582
583 24583 63583 61583
584 24584 63584 61584 87584
585 24585 63585 61585 87585
586 24586 63586 61586 87586
587 24587 63587 61587 87587
588 24588 63588 61588 87588
589 24589 63589 61589 87589
590 24590 63590 61590 87590
591 24591 63591 61591 87591
592 24592 63592 61592 87592
593 24593 63593 61593 87593
594 24594 63594 61594 87594
595 24595 63595 61595 87595
596 24596 63596 61596 87596
597 24597 63597 61597 87597
598 24598 63598 61598 87598
599 24599 63599 61599 87599
600-649
SN42-244XK SN42-636XX SN44-616XX SN44-876XX
600 24600 63600 61600 87600
601 24601 63601 61601 87601
602 24602 63602 61602 87602
603 24603 63603 61603 87603
604 24604 63604 61604 87604
605 24605 63605 61605 87605
606 24606 63606 61606 87606
607 24607 63607 61607 87607
608 24608 63608 61608 87608
609 24609 63609 61609 87609
610 24610 63610 61610 87610
611 24611 63611 61611 87611
612 24612 63612 61612 87612
613 24613 63613 61613 87613
614 24614 63614 61614 87614
615 24615 63615 61615 87615
616 24616 63616 61616 87616
617 24617 63617 61617 87617
618 24618 63618 61618 87618

619 24619 63619 61619 87619
