262

253
254
255
256
257
258
259
260
261

262
263
264
265
266
267
268
269
270
271

272
273
274
275
276
277
278
279
280
281

282
283
284
285
286
287
288
289
290
291

292
293
294
295
296
297
298
299

300
301
302
303
304
305
306
307
308
309
310
311

312
313
314

6253
6254
6255
6256
6257
6258
6259
6260
6261
6262
6263
6264
6265
6266
6267
6268
6269
6270
6271
6272
6273
6274
6275
6276
6277
6278
6279
6280
6281
6282
6283
6284
6285
6286
6287
6288
6289
6290
6291
6292
6293
6294
6295
6296
6297
6298
6299

SN42-63XX

6300
6301
6302
6303
6304
6305
6306
6307
6308
6309
6310
6311

6312
6313
6314

65253
65254
65255
65256
65257
65258
65259
65260
65261
65262
65263
65264
65265
65266
65267
65268
65269
65270
65271
65272
65273
65274
65275
65276
65277
65278
65279
65280
65281
65282
65283
65284
65285
65286
65287
65288
65289
65290
65291
65292
65293
65294
65295
65296
65297
65298
65299

SN42-633XX

APPENDIX

27259
27260
27261
27262
27263
27264
27265
27266
27267
27268
27269
27270
27271
27272
27273
27274
27275
27276
27277
27278
27279
27280
27281
27282
27283
27284
27285
27286
27287
27288
27289
27290
27291
27292
27293
27294
27295
27296
27297
27298
27299

300-349
SN42-653XX

65300
65301
65302
65303
65304
65305
65306
65307
65308
65309
65310
65311
65312
65313
Not B-29 #

62253
62254
62255
62256
62257
62258
62259
62260
62261
62262
62263
62264
62265
62266
62267
62268
62269
62270
62271
62272
62273
62274
62275
62276
62277
62278
62279
62280
62281
62282
62283
62284
62285
62286
62287
62288
62289
62290
62291
62292
62293
62294
62295
62296
62297
62298
62299

SN44-273XX

27300
27301
27302
27303
27304
27305
27306
27307
27308
27309
27310
27311

27312
27313
27314

86253
86254
86255
86256
86257
86258
86259
86260
86261
86262
86263
86264
86265
86266
86267
86268
86269
86270
86271
86272
86273
86274
86275
86276
86277
86278
86279
86280
86281
86282
86283
86284
86285
86286
86287
86288
86289
86290
86291
86292
86293
86294
86295
86296
86297
86298
86299

SN44-623XX

62300
62301
62302
62303
62304
62305
62306
62307
62308
62309
62310
62311

62312
62313
62314

SN44-863XX

86300
86301
86302
86303
86304
86305
86306
86307
86308
86309
86310
86311

86312
86313
86314
