439
440
44]
442
443
444
445
446
447
448
449

450
451
452
453
454
455
456
457
458
459
460
461
462
463
464
465
466
467
468
469
470
471
472
473
474
475
476
477
478
479
480
481
482
483
484
485
486
487
488
489
490
491
492
493
494
495
496
497
498
499

6439
6440
6441
6442
6443
6444
6445
6446
6447
6448
6449

SN42-64XX

6450
6451
6452
6453
6454

Serial Key Matrix

24439 63439
24440 63440
24441 63441
24442 63442
24443 63443
24444 63444
24445 63445
24446 63446
24447 63447
24448 63448
24449 63449
450-499
SN42-244XX SN42-634XX
24450 63450
24451 63451
24452 63452
24453 63453
24454 63454
24455 63455
24456 63456
24457 63457
24458 63458
24459 63459
24460 63460
24461 63461
24462 63462
24463 63463
24464 63464
24465 63465
24466 63466
24467 63467
24468 63468
24469 63469
24470 63470
24471 63471
24472 63472
24473 63473
24474 63474
24475 63475
24476 63476
24477 63477
24478 63478
24479 63479
24480 63480
24481 63481
24482 63482
24483 63483
24484 63484
24485 63485
24486 63486
24487 63487
24488 63488
24489 63489
24490 63490
24491 63491
24492 63492
24493 63493
24494 63494
24495 63495
24496 63496
24497 63497
24498 63498
24499 63499

SN44-864XX

86450
86451
86452
86453
86454
86455
86456
86457
86458
86459
86460
86461
86462
86463
86464
86465
86466
86467
86468
86469
86470
86471
86472
86473

86439
86440
86441
86442
86443
86444
86445
86446
86447
86448
86449

265
