266 APPENDIX

500-549
SN42-245XX SN42-635XX SN44-615XX SN44-875XX

500 24500 63500

501 24501 63501

502 24502 63502

503 24503 63503

504 24504 63504

505 24505 63505

506 24506 63506

507 24507 63507

508 24508 63508

509 24509 63509

510 24510 63510 61510
5 24511 63511 61511
512 24512 63512 61512
513 24513 63513 61513
514 24514 63514 61514
515 24515 63515 61515
516 24516 63516 61516
517 24517 63517 61517
518 24518 63518 61518
519 24519 63519 61519
520 24520 63520 61520
521 24521 63521 61521
522 24522 63522 61522
523 24523 63523 61523
524 24524 63524 61524
525 24525 63525 61525
526 24526 63526 61526
527 24527 63527 61527
528 24528 63528 61528
529 24529 63529 61529
530 24530 63530 61530
531 24531 63531 61531
532 24532 63532 61532
533 24533 63533 61533
534 24534 63534 61534
535 24535 63535 61535
536 24536 63536 61536
537 24537 63537 61537
538 24538 63538 61538
539 24539 63539 61539
540 24540 63540 61540
541 24541 63541 61541
542 24542 63542 61542
543 24543 63543 61543
544 24544 63544 61544
545 24545 63545 61545
546 24546 63546 61546
547 24547 63547 61547
548 24548 63548 61548
549 24549 63549 61549

550-599
SN42-245XX SN42-635XX SN44-G15XX SN44-875XX

550 24550 63550 61550
551 24551 63551 61551
552 24552 63552 61552
553 24553 63553 61553
554 24554 63554 61554
555 24555 63555 61555
556 24556 63556 61556

557 24557 63557 61557
