272

864
865
866
867
868
869
870
871
872
873
874
875
876
877
878
879
880
881
882
883
884
885
886
887
888
889
890
891
892
893
894
895
896
897
898
899

900
901
902
903
904
905
906
907
908
909
910
911

912
913
914
915
916
917
918
919
920
921
922
923
924
925

24864
24865
24866
24867
24868
24869
24870
24871
24872
24873
24874
24875
24876
24877
24878
24879
24880
24881
24882
24883
24884
24885
24886
24887
24888
24889
24890
24891
24892
24893
24894
24895
24896
24897
24898
24899

SN42-249XX

24900
24901
24902
24903
24904
24905
24906
24907
24908
24909
24910
24911

24912
24913
24914
24915
24916
24917
24918
24919

93864
93865
93866
93867
93868
93869
93870
93871
93872
93873
93874
93875
93876
93877
93878
93879
93880
93881
93882
93883
93884
93885
93886
93887
93888
93889
93890
93891
93892
93893
93894
93895
93896
93897
93898
93899

SN42-938XX

93900
93901
93902
93903
93904
93905
93906
93907
93908
93909
93910
93911

93912
93913
93914
93915
93916
93917
93918
93919
93920
93921
93922
93923
93924
93925

APPENDIX

61864
61865
61866
61867
61868
61869
61870
61871
61872
61873
61874
61875
61876
61877
61878
61879
61880
61881
61882
61883
61884
61885
61886
61887
61888
61889
61890
61891
61892
61893
61894
61895
61896
61897
61898
61899

900-949
SN44-619XX

61900
61901
61902
61903
61904
61905
61906
61907
61908
61909
61910
61911

61912
61913
61914
61915
61916
61917
61918
61919
61920
61921
61922
61923
61924
61925

69864
69865
69866
69867
69868
69869
69870
69871
69872
69873
69874
69875
69876
69877
69878
69879
69880
69881
69882
69883
69884
69885
69886
69887
69888
69889
69890
69891
69892
69893
69894
69895
69896
69897
69898
69899

SN44-699XX

69900
69901
69902
69903
69904
69905
69906
69907
69908
69909
69910
69911

69912
69913
69914
69915
69916
69917
69918
69919
69920
69921
69922
69923
69924
69925

83890
83891
83892
83893
83894
83895
83896
83897
83898
83899

SN44-839XX

83900
83901
83902
83903
83904
83905
83906
83907
83908
83909
83910
83911
83912
83913
83914
83915
83916
83917
83918
83919
83920
83921
83922
83923
83924
83925

21864
21865
21866
21867
21868
21869
21870
21871
21872
