197
198
199

200
201
202
203
204
205
206
207
208
209
210
211

212

213

214

215

216

217
218

219

220
221

222
223
224
225
226
227
228
229
230
231

232
233
234
235
236
237
238
239
240
241

242
243
244
245
246
247
248
249

250
251
252

62197
62198
62199

SN42-62XX

6205
6206
6207
6208
6209
6210
6211

6212
6213
6214
6215
6216
6217
6218
6219
6220
6221
6222
6223
6224
6225
6226
6227
6228
6229
6230
6231
6232
6233
6234
6235
6236
6237
6238
6239
6240
6241
6242
6243
6244
6245
6246
6247
6248
6249

SN42-62XX

6250
6251
6252

Serial Key Matrix

200-249
SN42-652XX  SN44-272XX

65202
65203
65204
65205
65206
65207
65208
65209
65210
65211

65212
65213
65214
65215
65216
65217
65218
65219
65220
65221
65222
65223
65224
65225
65226
65227
65228
65229
65230
65231
65232
65233
65234
65235
65236
65237
65238
65239
65240
65241
65242
65243
65244
65245
65246
65247
65248
65249

250-299
SN42-652XX SN44-272XX

65250
65251
65252

SN44-622XX

62200
62201
62202
62203
62204
62205
62206
62207
62208
62209
62210

62211

62212

62213

62214

62215

62216

62217
62218

62219

62220
62221

62222
62223
62224
62225
62226
62227
62228
62229
62230
62231

62232
62233
62234
62235
62236
62237
62238
62239
62240
62241

62242
62243
62244
62245
62246
62247
62248
62249

SN44-622XK

62250
62251
62252

SN-862XX

86242
86243
86244
86245
86246
86247
86248
86249

SN-862XX

86250
86251
86252

261
